Model   F
1       1558657
1E       840837
2.1     1138414
2.1E     752991
2.2     1138414
2.2E     740610
3       1881139
4.1     1885719
4.2     1826324
5       1873000
6       1884056
7       3076431
7E      1376417
8       2562514
8E      1169872
9       1902592
1E+2.1E  518364
1E+2.2E  529785
1E+3     513683
1E+4     730092
1E+5     503731
1E+6     493528
2.1E+3   501557
2.1E+4   488371
2.1E+5   512728
2.1E+6   486368
3+4      945434
7E+8E    660015
8E+9     532977





Model   F           P_optimal
1       1558657     [0.98091726,  0.85647259,  0.86906165,  0.99654259,  0.69745793]
2.1     1138414     [0.0229083 ,  0.2132939 ,  0.16026233,  0.0053791 ,  0.41068278]
2.2     1138414     [0.0229083 ,  0.2132939 ,  0.16026231,  0.0053791 ,  0.41068278, 0.,  0.,  0.,  0.,  0.]
3       1881139     [0.03360889,  0.01683296,  0.42868399,  0.91834062,  0.20152218]
4.1     1885719     [5.71769068,  9.06553548,  1.27396902,  0.43415457,  3.44723244]
4.2     1826324     [3.91547296e+04,   8.52032611e+03,   2.50122636e+00, 4.29853441e+04,   4.04753831e+01,   4.57502697e-01, 5.74469417e+00,   6.09308750e-01,   4.84847105e-03, 1.93280373e+00]

1E       840837     [0.95257708,  0.63682357,  0.72903672,  0.98537312,  0.44921073, 0.43429924]
2.1E     752991     [0.05648888,  0.56156047,  0.33520782,  0.01941334,  0.88366419, 0.38136154])
2.2E     740610     [6.63172363e-02,   6.60366531e-01,   3.79950207e-01, 1.85464173e-02,   1.00324289e+00,   0.00000000e+00, 1.61555903e-03,   1.34396449e-03,   2.56364949e-05, 0.00000000e+00,   4.21603245e-01]
5       1873000     [ 0.04988262,  0.01668734,  0.42960153,  0.91839856,  0.02278529, 1.,  1.,  1.,  1.,  0.72613673]
6       1884056     [ 4.99812625,  9.09686229,  1.27528809,  0.43515123,  6.1035039 , 1.,  1.,  1.,  1.,  0.86158661]
7       3076431     [ 0.99888093,  0.96763313,  0.94271304,  0.99996665,  0.62983685]
7E      1376417     [ 0.5110036 ,  0.0198325 ,  0.36268157,  0.99885383,  0.08078592, 0.64957463]
8       2562514     [  1.45660840e-03,   6.24572105e-02,   8.27911695e-02, 4.97756841e-05,   5.58102304e-01]
8E      1169872     [  2.03247585e-02,   2.84626938e+00,   7.99848639e-01, 1.19122813e-03,   3.45335672e+00,   5.57061163e-01]
9       1902592     [  5.89160387e+03,   1.86702177e+01,   1.22354804e+00, 1.10208133e-02,   3.47895940e+00]



1E+2.1E  518364     [1.00000000e-08,   9.95119627e-01,   9.91214291e-01, 9.99746835e-01,   1.00000000e+00,   8.14654232e-01, 1.48682457e-02,   4.15408102e-01,   2.41504374e-01, 1.54907059e-02,   2.85809160e-01,   3.41984814e-01]

1E+2.2E  529785     [9.86226868e-01,   8.46538326e-01,   7.74574838e-01, 9.86352051e-01,   7.43878450e-01,   4.35022717e-01, 3.68242501e+01,   1.79925038e+00,   5.55111512e-17, 0.00000000e+00,   0.00000000e+00,   0.00000000e+00, 2.45301777e-05,   9.09632798e-04,   1.64863370e-06, 0.00000000e+00,   8.01177788e-01]

1E+3     513683     [  9.86059272e-01,   9.33130021e-01,   8.28839180e-01, 9.94038272e-01,   9.43483672e-01,   4.52661451e-01, 1.00000000e-08,   4.52981770e-02,   9.33620604e-01, 9.69484269e-01,   5.81507314e-01]

1E+4     730092     [ 0.90721756,  0.89210667,  0.80803806,  0.98864838,  0.25411225, 0.57437225,  0.        ,  8.41465379,  0.43208477,  0.04139504,  0.        ]

1E+5     503731     [  9.86077999e-01,   9.01273288e-01,   9.18792069e-01, 9.90712763e-01,   9.82504334e-01,   4.03140925e-01, 1.00000000e-08,   1.00000000e-08,   6.88433053e-01, 5.41490426e-01,   4.50987176e-01,   9.28740874e-01, 7.10070388e-01,   1.00000000e+00,   2.82729466e-01, 1.00000000e+00]

1E+6     493528     [9.86273093e-01,   8.99384295e-01,   9.02718308e-01, 9.90613147e-01,   9.12065191e-01,   4.01281375e-01,6.95794403e+01,   6.46071479e+02,   3.82309836e-01, 7.33712684e+01,   6.92981540e-01,   9.29136715e-01, 6.93436032e-01,   1.00000000e+00,   2.60850761e-01, 1.00000000e+00]

2.1E+3   501557     [  1.24301205e-02,   6.35757828e-02,   1.39233737e-01, 1.47904413e-02,   4.10828830e-02,   3.35785358e-01, 1.00000000e-08,   3.82160605e-02,   8.54574305e-01, 9.99825109e-01,   5.70625419e-01]

2.1E+4   488371     [  1.19785991e-02,   7.44804729e-02,   1.22271104e-01, 1.45441568e-02,   1.00196350e-01,   3.30928794e-01, 4.90363129e+01,   5.27772841e+00,   2.61865722e-01, 1.47304703e-04,   4.70232248e-01])

2.1E+5   512728     [  1.40040939e-02,   3.56338194e-01,   5.72260338e-02, 1.24044512e-02,   2.36367992e-02,   3.26367457e-01, 1.00000000e-08,   9.73228403e-01,   5.41381822e-01, 8.03431139e-02,   4.69661539e-01,   9.20039025e-01, 1.00000000e+00,   1.00000000e+00,   1.67836321e-01, 1.00000000e+00])

2.1E+6   486368     [  1.42467926e-02,   1.09009491e-01,   1.14544485e-01, 1.27031987e-02,   2.82689543e-01,   3.15936466e-01, 9.27357261e+01,   7.78565009e+04,   2.93241272e-01, 7.81488396e+04,   0.00000000e+00,   9.16141645e-01, 6.82714979e-01,   1.00000000e+00,   9.13380330e-02, 0.00000000e+00]

3+4      945434     [  0.95460882,   0.80571857,   0.76623046,   0.97777307, 0.59815486,  41.11286762,   3.96215618,   0.44682487, 0.07580089,   0.2868416 ]

7E+8E    660015     [  1.00000000e-08,   8.39723714e-05,   9.99185976e-01, 6.94693997e-01,   1.00000000e-08,   7.97971003e-01, 1.11394265e-03,   5.07873956e-02,   2.10001913e-01, 9.17675714e-05,   4.52438162e-01,   4.62755613e-01]

8E+9     532977     [  1.16862407e-03,   2.02379355e-02,   1.29611737e-01, 8.47065220e-05,   4.61352239e-01,   4.69122777e-01, 5.08310357e+03,   2.24048931e+01,   1.36383989e-02, 7.30895852e-03,   0.00000000e+00]